##TITLE= 
##JCAMP-DX= 5.00 Bruker JCAMP library
##DATA TYPE= Shape Data
##ORIGIN= Bruker BioSpin GmbH
##OWNER= <yxia>
##DATE= 2012/08/06
##TIME= 14:49:34
##$SHAPE_PARAMETERS= Type: Ramp ; Start Amplitude 100.0 ; End Amplitude 70.0
##MINX= 7.000000E01
##MAXX= 1.000000E02
##MINY= 0.000000E00
##MAXY= 0.000000E00
##$SHAPE_EXMODE= Excitation
##$SHAPE_TOTROT= 9.000000E01
##$SHAPE_TYPE= Excitation
##$SHAPE_USER_DEF= 
##$SHAPE_REPHFAC= 
##$SHAPE_BWFAC= 1.124000E00
##$SHAPE_BWFAC50= 
##$SHAPE_INTEGFAC= 8.500000E-01
##$SHAPE_MODE= 0
##NPOINTS= 1000
##XYPOINTS= (XY..XY)
1.000000E02, 0.000000E00
9.996997E01, 0.000000E00
9.993994E01, 0.000000E00
9.990991E01, 0.000000E00
9.987988E01, 0.000000E00
9.984985E01, 0.000000E00
9.981982E01, 0.000000E00
9.978979E01, 0.000000E00
9.975976E01, 0.000000E00
9.972973E01, 0.000000E00
9.969970E01, 0.000000E00
9.966967E01, 0.000000E00
9.963964E01, 0.000000E00
9.960961E01, 0.000000E00
9.957958E01, 0.000000E00
9.954955E01, 0.000000E00
9.951952E01, 0.000000E00
9.948949E01, 0.000000E00
9.945946E01, 0.000000E00
9.942943E01, 0.000000E00
9.939940E01, 0.000000E00
9.936937E01, 0.000000E00
9.933934E01, 0.000000E00
9.930931E01, 0.000000E00
9.927928E01, 0.000000E00
9.924925E01, 0.000000E00
9.921922E01, 0.000000E00
9.918919E01, 0.000000E00
9.915916E01, 0.000000E00
9.912913E01, 0.000000E00
9.909910E01, 0.000000E00
9.906907E01, 0.000000E00
9.903904E01, 0.000000E00
9.900901E01, 0.000000E00
9.897898E01, 0.000000E00
9.894895E01, 0.000000E00
9.891892E01, 0.000000E00
9.888889E01, 0.000000E00
9.885886E01, 0.000000E00
9.882883E01, 0.000000E00
9.879880E01, 0.000000E00
9.876877E01, 0.000000E00
9.873874E01, 0.000000E00
9.870871E01, 0.000000E00
9.867868E01, 0.000000E00
9.864865E01, 0.000000E00
9.861862E01, 0.000000E00
9.858859E01, 0.000000E00
9.855856E01, 0.000000E00
9.852853E01, 0.000000E00
9.849850E01, 0.000000E00
9.846847E01, 0.000000E00
9.843844E01, 0.000000E00
9.840841E01, 0.000000E00
9.837838E01, 0.000000E00
9.834835E01, 0.000000E00
9.831832E01, 0.000000E00
9.828829E01, 0.000000E00
9.825826E01, 0.000000E00
9.822823E01, 0.000000E00
9.819820E01, 0.000000E00
9.816817E01, 0.000000E00
9.813814E01, 0.000000E00
9.810811E01, 0.000000E00
9.807808E01, 0.000000E00
9.804805E01, 0.000000E00
9.801802E01, 0.000000E00
9.798799E01, 0.000000E00
9.795796E01, 0.000000E00
9.792793E01, 0.000000E00
9.789790E01, 0.000000E00
9.786787E01, 0.000000E00
9.783784E01, 0.000000E00
9.780781E01, 0.000000E00
9.777778E01, 0.000000E00
9.774775E01, 0.000000E00
9.771772E01, 0.000000E00
9.768769E01, 0.000000E00
9.765766E01, 0.000000E00
9.762763E01, 0.000000E00
9.759760E01, 0.000000E00
9.756757E01, 0.000000E00
9.753754E01, 0.000000E00
9.750751E01, 0.000000E00
9.747748E01, 0.000000E00
9.744745E01, 0.000000E00
9.741742E01, 0.000000E00
9.738739E01, 0.000000E00
9.735736E01, 0.000000E00
9.732733E01, 0.000000E00
9.729730E01, 0.000000E00
9.726727E01, 0.000000E00
9.723724E01, 0.000000E00
9.720721E01, 0.000000E00
9.717718E01, 0.000000E00
9.714715E01, 0.000000E00
9.711712E01, 0.000000E00
9.708709E01, 0.000000E00
9.705706E01, 0.000000E00
9.702703E01, 0.000000E00
9.699700E01, 0.000000E00
9.696697E01, 0.000000E00
9.693694E01, 0.000000E00
9.690691E01, 0.000000E00
9.687688E01, 0.000000E00
9.684685E01, 0.000000E00
9.681682E01, 0.000000E00
9.678679E01, 0.000000E00
9.675676E01, 0.000000E00
9.672673E01, 0.000000E00
9.669670E01, 0.000000E00
9.666667E01, 0.000000E00
9.663664E01, 0.000000E00
9.660661E01, 0.000000E00
9.657658E01, 0.000000E00
9.654655E01, 0.000000E00
9.651652E01, 0.000000E00
9.648649E01, 0.000000E00
9.645646E01, 0.000000E00
9.642643E01, 0.000000E00
9.639640E01, 0.000000E00
9.636637E01, 0.000000E00
9.633634E01, 0.000000E00
9.630631E01, 0.000000E00
9.627628E01, 0.000000E00
9.624625E01, 0.000000E00
9.621622E01, 0.000000E00
9.618619E01, 0.000000E00
9.615616E01, 0.000000E00
9.612613E01, 0.000000E00
9.609610E01, 0.000000E00
9.606607E01, 0.000000E00
9.603604E01, 0.000000E00
9.600601E01, 0.000000E00
9.597598E01, 0.000000E00
9.594595E01, 0.000000E00
9.591592E01, 0.000000E00
9.588589E01, 0.000000E00
9.585586E01, 0.000000E00
9.582583E01, 0.000000E00
9.579580E01, 0.000000E00
9.576577E01, 0.000000E00
9.573574E01, 0.000000E00
9.570571E01, 0.000000E00
9.567568E01, 0.000000E00
9.564565E01, 0.000000E00
9.561562E01, 0.000000E00
9.558559E01, 0.000000E00
9.555556E01, 0.000000E00
9.552553E01, 0.000000E00
9.549550E01, 0.000000E00
9.546547E01, 0.000000E00
9.543544E01, 0.000000E00
9.540541E01, 0.000000E00
9.537538E01, 0.000000E00
9.534535E01, 0.000000E00
9.531532E01, 0.000000E00
9.528529E01, 0.000000E00
9.525526E01, 0.000000E00
9.522523E01, 0.000000E00
9.519520E01, 0.000000E00
9.516517E01, 0.000000E00
9.513514E01, 0.000000E00
9.510511E01, 0.000000E00
9.507508E01, 0.000000E00
9.504505E01, 0.000000E00
9.501502E01, 0.000000E00
9.498498E01, 0.000000E00
9.495495E01, 0.000000E00
9.492492E01, 0.000000E00
9.489489E01, 0.000000E00
9.486486E01, 0.000000E00
9.483483E01, 0.000000E00
9.480480E01, 0.000000E00
9.477477E01, 0.000000E00
9.474474E01, 0.000000E00
9.471471E01, 0.000000E00
9.468468E01, 0.000000E00
9.465465E01, 0.000000E00
9.462462E01, 0.000000E00
9.459459E01, 0.000000E00
9.456456E01, 0.000000E00
9.453453E01, 0.000000E00
9.450450E01, 0.000000E00
9.447447E01, 0.000000E00
9.444444E01, 0.000000E00
9.441441E01, 0.000000E00
9.438438E01, 0.000000E00
9.435435E01, 0.000000E00
9.432432E01, 0.000000E00
9.429429E01, 0.000000E00
9.426426E01, 0.000000E00
9.423423E01, 0.000000E00
9.420420E01, 0.000000E00
9.417417E01, 0.000000E00
9.414414E01, 0.000000E00
9.411411E01, 0.000000E00
9.408408E01, 0.000000E00
9.405405E01, 0.000000E00
9.402402E01, 0.000000E00
9.399399E01, 0.000000E00
9.396396E01, 0.000000E00
9.393393E01, 0.000000E00
9.390390E01, 0.000000E00
9.387387E01, 0.000000E00
9.384384E01, 0.000000E00
9.381381E01, 0.000000E00
9.378378E01, 0.000000E00
9.375375E01, 0.000000E00
9.372372E01, 0.000000E00
9.369369E01, 0.000000E00
9.366366E01, 0.000000E00
9.363363E01, 0.000000E00
9.360360E01, 0.000000E00
9.357357E01, 0.000000E00
9.354354E01, 0.000000E00
9.351351E01, 0.000000E00
9.348348E01, 0.000000E00
9.345345E01, 0.000000E00
9.342342E01, 0.000000E00
9.339339E01, 0.000000E00
9.336336E01, 0.000000E00
9.333333E01, 0.000000E00
9.330330E01, 0.000000E00
9.327327E01, 0.000000E00
9.324324E01, 0.000000E00
9.321321E01, 0.000000E00
9.318318E01, 0.000000E00
9.315315E01, 0.000000E00
9.312312E01, 0.000000E00
9.309309E01, 0.000000E00
9.306306E01, 0.000000E00
9.303303E01, 0.000000E00
9.300300E01, 0.000000E00
9.297297E01, 0.000000E00
9.294294E01, 0.000000E00
9.291291E01, 0.000000E00
9.288288E01, 0.000000E00
9.285285E01, 0.000000E00
9.282282E01, 0.000000E00
9.279279E01, 0.000000E00
9.276276E01, 0.000000E00
9.273273E01, 0.000000E00
9.270270E01, 0.000000E00
9.267267E01, 0.000000E00
9.264264E01, 0.000000E00
9.261261E01, 0.000000E00
9.258258E01, 0.000000E00
9.255255E01, 0.000000E00
9.252252E01, 0.000000E00
9.249249E01, 0.000000E00
9.246246E01, 0.000000E00
9.243243E01, 0.000000E00
9.240240E01, 0.000000E00
9.237237E01, 0.000000E00
9.234234E01, 0.000000E00
9.231231E01, 0.000000E00
9.228228E01, 0.000000E00
9.225225E01, 0.000000E00
9.222222E01, 0.000000E00
9.219219E01, 0.000000E00
9.216216E01, 0.000000E00
9.213213E01, 0.000000E00
9.210210E01, 0.000000E00
9.207207E01, 0.000000E00
9.204204E01, 0.000000E00
9.201201E01, 0.000000E00
9.198198E01, 0.000000E00
9.195195E01, 0.000000E00
9.192192E01, 0.000000E00
9.189189E01, 0.000000E00
9.186186E01, 0.000000E00
9.183183E01, 0.000000E00
9.180180E01, 0.000000E00
9.177177E01, 0.000000E00
9.174174E01, 0.000000E00
9.171171E01, 0.000000E00
9.168168E01, 0.000000E00
9.165165E01, 0.000000E00
9.162162E01, 0.000000E00
9.159159E01, 0.000000E00
9.156156E01, 0.000000E00
9.153153E01, 0.000000E00
9.150150E01, 0.000000E00
9.147147E01, 0.000000E00
9.144144E01, 0.000000E00
9.141141E01, 0.000000E00
9.138138E01, 0.000000E00
9.135135E01, 0.000000E00
9.132132E01, 0.000000E00
9.129129E01, 0.000000E00
9.126126E01, 0.000000E00
9.123123E01, 0.000000E00
9.120120E01, 0.000000E00
9.117117E01, 0.000000E00
9.114114E01, 0.000000E00
9.111111E01, 0.000000E00
9.108108E01, 0.000000E00
9.105105E01, 0.000000E00
9.102102E01, 0.000000E00
9.099099E01, 0.000000E00
9.096096E01, 0.000000E00
9.093093E01, 0.000000E00
9.090090E01, 0.000000E00
9.087087E01, 0.000000E00
9.084084E01, 0.000000E00
9.081081E01, 0.000000E00
9.078078E01, 0.000000E00
9.075075E01, 0.000000E00
9.072072E01, 0.000000E00
9.069069E01, 0.000000E00
9.066066E01, 0.000000E00
9.063063E01, 0.000000E00
9.060060E01, 0.000000E00
9.057057E01, 0.000000E00
9.054054E01, 0.000000E00
9.051051E01, 0.000000E00
9.048048E01, 0.000000E00
9.045045E01, 0.000000E00
9.042042E01, 0.000000E00
9.039039E01, 0.000000E00
9.036036E01, 0.000000E00
9.033033E01, 0.000000E00
9.030030E01, 0.000000E00
9.027027E01, 0.000000E00
9.024024E01, 0.000000E00
9.021021E01, 0.000000E00
9.018018E01, 0.000000E00
9.015015E01, 0.000000E00
9.012012E01, 0.000000E00
9.009009E01, 0.000000E00
9.006006E01, 0.000000E00
9.003003E01, 0.000000E00
9.000000E01, 0.000000E00
8.996997E01, 0.000000E00
8.993994E01, 0.000000E00
8.990991E01, 0.000000E00
8.987988E01, 0.000000E00
8.984985E01, 0.000000E00
8.981982E01, 0.000000E00
8.978979E01, 0.000000E00
8.975976E01, 0.000000E00
8.972973E01, 0.000000E00
8.969970E01, 0.000000E00
8.966967E01, 0.000000E00
8.963964E01, 0.000000E00
8.960961E01, 0.000000E00
8.957958E01, 0.000000E00
8.954955E01, 0.000000E00
8.951952E01, 0.000000E00
8.948949E01, 0.000000E00
8.945946E01, 0.000000E00
8.942943E01, 0.000000E00
8.939940E01, 0.000000E00
8.936937E01, 0.000000E00
8.933934E01, 0.000000E00
8.930931E01, 0.000000E00
8.927928E01, 0.000000E00
8.924925E01, 0.000000E00
8.921922E01, 0.000000E00
8.918919E01, 0.000000E00
8.915916E01, 0.000000E00
8.912913E01, 0.000000E00
8.909910E01, 0.000000E00
8.906907E01, 0.000000E00
8.903904E01, 0.000000E00
8.900901E01, 0.000000E00
8.897898E01, 0.000000E00
8.894895E01, 0.000000E00
8.891892E01, 0.000000E00
8.888889E01, 0.000000E00
8.885886E01, 0.000000E00
8.882883E01, 0.000000E00
8.879880E01, 0.000000E00
8.876877E01, 0.000000E00
8.873874E01, 0.000000E00
8.870871E01, 0.000000E00
8.867868E01, 0.000000E00
8.864865E01, 0.000000E00
8.861862E01, 0.000000E00
8.858859E01, 0.000000E00
8.855856E01, 0.000000E00
8.852853E01, 0.000000E00
8.849850E01, 0.000000E00
8.846847E01, 0.000000E00
8.843844E01, 0.000000E00
8.840841E01, 0.000000E00
8.837838E01, 0.000000E00
8.834835E01, 0.000000E00
8.831832E01, 0.000000E00
8.828829E01, 0.000000E00
8.825826E01, 0.000000E00
8.822823E01, 0.000000E00
8.819820E01, 0.000000E00
8.816817E01, 0.000000E00
8.813814E01, 0.000000E00
8.810811E01, 0.000000E00
8.807808E01, 0.000000E00
8.804805E01, 0.000000E00
8.801802E01, 0.000000E00
8.798799E01, 0.000000E00
8.795796E01, 0.000000E00
8.792793E01, 0.000000E00
8.789790E01, 0.000000E00
8.786787E01, 0.000000E00
8.783784E01, 0.000000E00
8.780781E01, 0.000000E00
8.777778E01, 0.000000E00
8.774775E01, 0.000000E00
8.771772E01, 0.000000E00
8.768769E01, 0.000000E00
8.765766E01, 0.000000E00
8.762763E01, 0.000000E00
8.759760E01, 0.000000E00
8.756757E01, 0.000000E00
8.753754E01, 0.000000E00
8.750751E01, 0.000000E00
8.747748E01, 0.000000E00
8.744745E01, 0.000000E00
8.741742E01, 0.000000E00
8.738739E01, 0.000000E00
8.735736E01, 0.000000E00
8.732733E01, 0.000000E00
8.729730E01, 0.000000E00
8.726727E01, 0.000000E00
8.723724E01, 0.000000E00
8.720721E01, 0.000000E00
8.717718E01, 0.000000E00
8.714715E01, 0.000000E00
8.711712E01, 0.000000E00
8.708709E01, 0.000000E00
8.705706E01, 0.000000E00
8.702703E01, 0.000000E00
8.699700E01, 0.000000E00
8.696697E01, 0.000000E00
8.693694E01, 0.000000E00
8.690691E01, 0.000000E00
8.687688E01, 0.000000E00
8.684685E01, 0.000000E00
8.681682E01, 0.000000E00
8.678679E01, 0.000000E00
8.675676E01, 0.000000E00
8.672673E01, 0.000000E00
8.669670E01, 0.000000E00
8.666667E01, 0.000000E00
8.663664E01, 0.000000E00
8.660661E01, 0.000000E00
8.657658E01, 0.000000E00
8.654655E01, 0.000000E00
8.651652E01, 0.000000E00
8.648649E01, 0.000000E00
8.645646E01, 0.000000E00
8.642643E01, 0.000000E00
8.639640E01, 0.000000E00
8.636637E01, 0.000000E00
8.633634E01, 0.000000E00
8.630631E01, 0.000000E00
8.627628E01, 0.000000E00
8.624625E01, 0.000000E00
8.621622E01, 0.000000E00
8.618619E01, 0.000000E00
8.615616E01, 0.000000E00
8.612613E01, 0.000000E00
8.609610E01, 0.000000E00
8.606607E01, 0.000000E00
8.603604E01, 0.000000E00
8.600601E01, 0.000000E00
8.597598E01, 0.000000E00
8.594595E01, 0.000000E00
8.591592E01, 0.000000E00
8.588589E01, 0.000000E00
8.585586E01, 0.000000E00
8.582583E01, 0.000000E00
8.579580E01, 0.000000E00
8.576577E01, 0.000000E00
8.573574E01, 0.000000E00
8.570571E01, 0.000000E00
8.567568E01, 0.000000E00
8.564565E01, 0.000000E00
8.561562E01, 0.000000E00
8.558559E01, 0.000000E00
8.555556E01, 0.000000E00
8.552553E01, 0.000000E00
8.549550E01, 0.000000E00
8.546547E01, 0.000000E00
8.543544E01, 0.000000E00
8.540541E01, 0.000000E00
8.537538E01, 0.000000E00
8.534535E01, 0.000000E00
8.531532E01, 0.000000E00
8.528529E01, 0.000000E00
8.525526E01, 0.000000E00
8.522523E01, 0.000000E00
8.519520E01, 0.000000E00
8.516517E01, 0.000000E00
8.513514E01, 0.000000E00
8.510511E01, 0.000000E00
8.507508E01, 0.000000E00
8.504505E01, 0.000000E00
8.501502E01, 0.000000E00
8.498498E01, 0.000000E00
8.495495E01, 0.000000E00
8.492492E01, 0.000000E00
8.489489E01, 0.000000E00
8.486486E01, 0.000000E00
8.483483E01, 0.000000E00
8.480480E01, 0.000000E00
8.477477E01, 0.000000E00
8.474474E01, 0.000000E00
8.471471E01, 0.000000E00
8.468468E01, 0.000000E00
8.465465E01, 0.000000E00
8.462462E01, 0.000000E00
8.459459E01, 0.000000E00
8.456456E01, 0.000000E00
8.453453E01, 0.000000E00
8.450450E01, 0.000000E00
8.447447E01, 0.000000E00
8.444444E01, 0.000000E00
8.441441E01, 0.000000E00
8.438438E01, 0.000000E00
8.435435E01, 0.000000E00
8.432432E01, 0.000000E00
8.429429E01, 0.000000E00
8.426426E01, 0.000000E00
8.423423E01, 0.000000E00
8.420420E01, 0.000000E00
8.417417E01, 0.000000E00
8.414414E01, 0.000000E00
8.411411E01, 0.000000E00
8.408408E01, 0.000000E00
8.405405E01, 0.000000E00
8.402402E01, 0.000000E00
8.399399E01, 0.000000E00
8.396396E01, 0.000000E00
8.393393E01, 0.000000E00
8.390390E01, 0.000000E00
8.387387E01, 0.000000E00
8.384384E01, 0.000000E00
8.381381E01, 0.000000E00
8.378378E01, 0.000000E00
8.375375E01, 0.000000E00
8.372372E01, 0.000000E00
8.369369E01, 0.000000E00
8.366366E01, 0.000000E00
8.363363E01, 0.000000E00
8.360360E01, 0.000000E00
8.357357E01, 0.000000E00
8.354354E01, 0.000000E00
8.351351E01, 0.000000E00
8.348348E01, 0.000000E00
8.345345E01, 0.000000E00
8.342342E01, 0.000000E00
8.339339E01, 0.000000E00
8.336336E01, 0.000000E00
8.333333E01, 0.000000E00
8.330330E01, 0.000000E00
8.327327E01, 0.000000E00
8.324324E01, 0.000000E00
8.321321E01, 0.000000E00
8.318318E01, 0.000000E00
8.315315E01, 0.000000E00
8.312312E01, 0.000000E00
8.309309E01, 0.000000E00
8.306306E01, 0.000000E00
8.303303E01, 0.000000E00
8.300300E01, 0.000000E00
8.297297E01, 0.000000E00
8.294294E01, 0.000000E00
8.291291E01, 0.000000E00
8.288288E01, 0.000000E00
8.285285E01, 0.000000E00
8.282282E01, 0.000000E00
8.279279E01, 0.000000E00
8.276276E01, 0.000000E00
8.273273E01, 0.000000E00
8.270270E01, 0.000000E00
8.267267E01, 0.000000E00
8.264264E01, 0.000000E00
8.261261E01, 0.000000E00
8.258258E01, 0.000000E00
8.255255E01, 0.000000E00
8.252252E01, 0.000000E00
8.249249E01, 0.000000E00
8.246246E01, 0.000000E00
8.243243E01, 0.000000E00
8.240240E01, 0.000000E00
8.237237E01, 0.000000E00
8.234234E01, 0.000000E00
8.231231E01, 0.000000E00
8.228228E01, 0.000000E00
8.225225E01, 0.000000E00
8.222222E01, 0.000000E00
8.219219E01, 0.000000E00
8.216216E01, 0.000000E00
8.213213E01, 0.000000E00
8.210210E01, 0.000000E00
8.207207E01, 0.000000E00
8.204204E01, 0.000000E00
8.201201E01, 0.000000E00
8.198198E01, 0.000000E00
8.195195E01, 0.000000E00
8.192192E01, 0.000000E00
8.189189E01, 0.000000E00
8.186186E01, 0.000000E00
8.183183E01, 0.000000E00
8.180180E01, 0.000000E00
8.177177E01, 0.000000E00
8.174174E01, 0.000000E00
8.171171E01, 0.000000E00
8.168168E01, 0.000000E00
8.165165E01, 0.000000E00
8.162162E01, 0.000000E00
8.159159E01, 0.000000E00
8.156156E01, 0.000000E00
8.153153E01, 0.000000E00
8.150150E01, 0.000000E00
8.147147E01, 0.000000E00
8.144144E01, 0.000000E00
8.141141E01, 0.000000E00
8.138138E01, 0.000000E00
8.135135E01, 0.000000E00
8.132132E01, 0.000000E00
8.129129E01, 0.000000E00
8.126126E01, 0.000000E00
8.123123E01, 0.000000E00
8.120120E01, 0.000000E00
8.117117E01, 0.000000E00
8.114114E01, 0.000000E00
8.111111E01, 0.000000E00
8.108108E01, 0.000000E00
8.105105E01, 0.000000E00
8.102102E01, 0.000000E00
8.099099E01, 0.000000E00
8.096096E01, 0.000000E00
8.093093E01, 0.000000E00
8.090090E01, 0.000000E00
8.087087E01, 0.000000E00
8.084084E01, 0.000000E00
8.081081E01, 0.000000E00
8.078078E01, 0.000000E00
8.075075E01, 0.000000E00
8.072072E01, 0.000000E00
8.069069E01, 0.000000E00
8.066066E01, 0.000000E00
8.063063E01, 0.000000E00
8.060060E01, 0.000000E00
8.057057E01, 0.000000E00
8.054054E01, 0.000000E00
8.051051E01, 0.000000E00
8.048048E01, 0.000000E00
8.045045E01, 0.000000E00
8.042042E01, 0.000000E00
8.039039E01, 0.000000E00
8.036036E01, 0.000000E00
8.033033E01, 0.000000E00
8.030030E01, 0.000000E00
8.027027E01, 0.000000E00
8.024024E01, 0.000000E00
8.021021E01, 0.000000E00
8.018018E01, 0.000000E00
8.015015E01, 0.000000E00
8.012012E01, 0.000000E00
8.009009E01, 0.000000E00
8.006006E01, 0.000000E00
8.003003E01, 0.000000E00
8.000000E01, 0.000000E00
7.996997E01, 0.000000E00
7.993994E01, 0.000000E00
7.990991E01, 0.000000E00
7.987988E01, 0.000000E00
7.984985E01, 0.000000E00
7.981982E01, 0.000000E00
7.978979E01, 0.000000E00
7.975976E01, 0.000000E00
7.972973E01, 0.000000E00
7.969970E01, 0.000000E00
7.966967E01, 0.000000E00
7.963964E01, 0.000000E00
7.960961E01, 0.000000E00
7.957958E01, 0.000000E00
7.954955E01, 0.000000E00
7.951952E01, 0.000000E00
7.948949E01, 0.000000E00
7.945946E01, 0.000000E00
7.942943E01, 0.000000E00
7.939940E01, 0.000000E00
7.936937E01, 0.000000E00
7.933934E01, 0.000000E00
7.930931E01, 0.000000E00
7.927928E01, 0.000000E00
7.924925E01, 0.000000E00
7.921922E01, 0.000000E00
7.918919E01, 0.000000E00
7.915916E01, 0.000000E00
7.912913E01, 0.000000E00
7.909910E01, 0.000000E00
7.906907E01, 0.000000E00
7.903904E01, 0.000000E00
7.900901E01, 0.000000E00
7.897898E01, 0.000000E00
7.894895E01, 0.000000E00
7.891892E01, 0.000000E00
7.888889E01, 0.000000E00
7.885886E01, 0.000000E00
7.882883E01, 0.000000E00
7.879880E01, 0.000000E00
7.876877E01, 0.000000E00
7.873874E01, 0.000000E00
7.870871E01, 0.000000E00
7.867868E01, 0.000000E00
7.864865E01, 0.000000E00
7.861862E01, 0.000000E00
7.858859E01, 0.000000E00
7.855856E01, 0.000000E00
7.852853E01, 0.000000E00
7.849850E01, 0.000000E00
7.846847E01, 0.000000E00
7.843844E01, 0.000000E00
7.840841E01, 0.000000E00
7.837838E01, 0.000000E00
7.834835E01, 0.000000E00
7.831832E01, 0.000000E00
7.828829E01, 0.000000E00
7.825826E01, 0.000000E00
7.822823E01, 0.000000E00
7.819820E01, 0.000000E00
7.816817E01, 0.000000E00
7.813814E01, 0.000000E00
7.810811E01, 0.000000E00
7.807808E01, 0.000000E00
7.804805E01, 0.000000E00
7.801802E01, 0.000000E00
7.798799E01, 0.000000E00
7.795796E01, 0.000000E00
7.792793E01, 0.000000E00
7.789790E01, 0.000000E00
7.786787E01, 0.000000E00
7.783784E01, 0.000000E00
7.780781E01, 0.000000E00
7.777778E01, 0.000000E00
7.774775E01, 0.000000E00
7.771772E01, 0.000000E00
7.768769E01, 0.000000E00
7.765766E01, 0.000000E00
7.762763E01, 0.000000E00
7.759760E01, 0.000000E00
7.756757E01, 0.000000E00
7.753754E01, 0.000000E00
7.750751E01, 0.000000E00
7.747748E01, 0.000000E00
7.744745E01, 0.000000E00
7.741742E01, 0.000000E00
7.738739E01, 0.000000E00
7.735736E01, 0.000000E00
7.732733E01, 0.000000E00
7.729730E01, 0.000000E00
7.726727E01, 0.000000E00
7.723724E01, 0.000000E00
7.720721E01, 0.000000E00
7.717718E01, 0.000000E00
7.714715E01, 0.000000E00
7.711712E01, 0.000000E00
7.708709E01, 0.000000E00
7.705706E01, 0.000000E00
7.702703E01, 0.000000E00
7.699700E01, 0.000000E00
7.696697E01, 0.000000E00
7.693694E01, 0.000000E00
7.690691E01, 0.000000E00
7.687688E01, 0.000000E00
7.684685E01, 0.000000E00
7.681682E01, 0.000000E00
7.678679E01, 0.000000E00
7.675676E01, 0.000000E00
7.672673E01, 0.000000E00
7.669670E01, 0.000000E00
7.666667E01, 0.000000E00
7.663664E01, 0.000000E00
7.660661E01, 0.000000E00
7.657658E01, 0.000000E00
7.654655E01, 0.000000E00
7.651652E01, 0.000000E00
7.648649E01, 0.000000E00
7.645646E01, 0.000000E00
7.642643E01, 0.000000E00
7.639640E01, 0.000000E00
7.636637E01, 0.000000E00
7.633634E01, 0.000000E00
7.630631E01, 0.000000E00
7.627628E01, 0.000000E00
7.624625E01, 0.000000E00
7.621622E01, 0.000000E00
7.618619E01, 0.000000E00
7.615616E01, 0.000000E00
7.612613E01, 0.000000E00
7.609610E01, 0.000000E00
7.606607E01, 0.000000E00
7.603604E01, 0.000000E00
7.600601E01, 0.000000E00
7.597598E01, 0.000000E00
7.594595E01, 0.000000E00
7.591592E01, 0.000000E00
7.588589E01, 0.000000E00
7.585586E01, 0.000000E00
7.582583E01, 0.000000E00
7.579580E01, 0.000000E00
7.576577E01, 0.000000E00
7.573574E01, 0.000000E00
7.570571E01, 0.000000E00
7.567568E01, 0.000000E00
7.564565E01, 0.000000E00
7.561562E01, 0.000000E00
7.558559E01, 0.000000E00
7.555556E01, 0.000000E00
7.552553E01, 0.000000E00
7.549550E01, 0.000000E00
7.546547E01, 0.000000E00
7.543544E01, 0.000000E00
7.540541E01, 0.000000E00
7.537538E01, 0.000000E00
7.534535E01, 0.000000E00
7.531532E01, 0.000000E00
7.528529E01, 0.000000E00
7.525526E01, 0.000000E00
7.522523E01, 0.000000E00
7.519520E01, 0.000000E00
7.516517E01, 0.000000E00
7.513514E01, 0.000000E00
7.510511E01, 0.000000E00
7.507508E01, 0.000000E00
7.504505E01, 0.000000E00
7.501502E01, 0.000000E00
7.498498E01, 0.000000E00
7.495495E01, 0.000000E00
7.492492E01, 0.000000E00
7.489489E01, 0.000000E00
7.486486E01, 0.000000E00
7.483483E01, 0.000000E00
7.480480E01, 0.000000E00
7.477477E01, 0.000000E00
7.474474E01, 0.000000E00
7.471471E01, 0.000000E00
7.468468E01, 0.000000E00
7.465465E01, 0.000000E00
7.462462E01, 0.000000E00
7.459459E01, 0.000000E00
7.456456E01, 0.000000E00
7.453453E01, 0.000000E00
7.450450E01, 0.000000E00
7.447447E01, 0.000000E00
7.444444E01, 0.000000E00
7.441441E01, 0.000000E00
7.438438E01, 0.000000E00
7.435435E01, 0.000000E00
7.432432E01, 0.000000E00
7.429429E01, 0.000000E00
7.426426E01, 0.000000E00
7.423423E01, 0.000000E00
7.420420E01, 0.000000E00
7.417417E01, 0.000000E00
7.414414E01, 0.000000E00
7.411411E01, 0.000000E00
7.408408E01, 0.000000E00
7.405405E01, 0.000000E00
7.402402E01, 0.000000E00
7.399399E01, 0.000000E00
7.396396E01, 0.000000E00
7.393393E01, 0.000000E00
7.390390E01, 0.000000E00
7.387387E01, 0.000000E00
7.384384E01, 0.000000E00
7.381381E01, 0.000000E00
7.378378E01, 0.000000E00
7.375375E01, 0.000000E00
7.372372E01, 0.000000E00
7.369369E01, 0.000000E00
7.366366E01, 0.000000E00
7.363363E01, 0.000000E00
7.360360E01, 0.000000E00
7.357357E01, 0.000000E00
7.354354E01, 0.000000E00
7.351351E01, 0.000000E00
7.348348E01, 0.000000E00
7.345345E01, 0.000000E00
7.342342E01, 0.000000E00
7.339339E01, 0.000000E00
7.336336E01, 0.000000E00
7.333333E01, 0.000000E00
7.330330E01, 0.000000E00
7.327327E01, 0.000000E00
7.324324E01, 0.000000E00
7.321321E01, 0.000000E00
7.318318E01, 0.000000E00
7.315315E01, 0.000000E00
7.312312E01, 0.000000E00
7.309309E01, 0.000000E00
7.306306E01, 0.000000E00
7.303303E01, 0.000000E00
7.300300E01, 0.000000E00
7.297297E01, 0.000000E00
7.294294E01, 0.000000E00
7.291291E01, 0.000000E00
7.288288E01, 0.000000E00
7.285285E01, 0.000000E00
7.282282E01, 0.000000E00
7.279279E01, 0.000000E00
7.276276E01, 0.000000E00
7.273273E01, 0.000000E00
7.270270E01, 0.000000E00
7.267267E01, 0.000000E00
7.264264E01, 0.000000E00
7.261261E01, 0.000000E00
7.258258E01, 0.000000E00
7.255255E01, 0.000000E00
7.252252E01, 0.000000E00
7.249249E01, 0.000000E00
7.246246E01, 0.000000E00
7.243243E01, 0.000000E00
7.240240E01, 0.000000E00
7.237237E01, 0.000000E00
7.234234E01, 0.000000E00
7.231231E01, 0.000000E00
7.228228E01, 0.000000E00
7.225225E01, 0.000000E00
7.222222E01, 0.000000E00
7.219219E01, 0.000000E00
7.216216E01, 0.000000E00
7.213213E01, 0.000000E00
7.210210E01, 0.000000E00
7.207207E01, 0.000000E00
7.204204E01, 0.000000E00
7.201201E01, 0.000000E00
7.198198E01, 0.000000E00
7.195195E01, 0.000000E00
7.192192E01, 0.000000E00
7.189189E01, 0.000000E00
7.186186E01, 0.000000E00
7.183183E01, 0.000000E00
7.180180E01, 0.000000E00
7.177177E01, 0.000000E00
7.174174E01, 0.000000E00
7.171171E01, 0.000000E00
7.168168E01, 0.000000E00
7.165165E01, 0.000000E00
7.162162E01, 0.000000E00
7.159159E01, 0.000000E00
7.156156E01, 0.000000E00
7.153153E01, 0.000000E00
7.150150E01, 0.000000E00
7.147147E01, 0.000000E00
7.144144E01, 0.000000E00
7.141141E01, 0.000000E00
7.138138E01, 0.000000E00
7.135135E01, 0.000000E00
7.132132E01, 0.000000E00
7.129129E01, 0.000000E00
7.126126E01, 0.000000E00
7.123123E01, 0.000000E00
7.120120E01, 0.000000E00
7.117117E01, 0.000000E00
7.114114E01, 0.000000E00
7.111111E01, 0.000000E00
7.108108E01, 0.000000E00
7.105105E01, 0.000000E00
7.102102E01, 0.000000E00
7.099099E01, 0.000000E00
7.096096E01, 0.000000E00
7.093093E01, 0.000000E00
7.090090E01, 0.000000E00
7.087087E01, 0.000000E00
7.084084E01, 0.000000E00
7.081081E01, 0.000000E00
7.078078E01, 0.000000E00
7.075075E01, 0.000000E00
7.072072E01, 0.000000E00
7.069069E01, 0.000000E00
7.066066E01, 0.000000E00
7.063063E01, 0.000000E00
7.060060E01, 0.000000E00
7.057057E01, 0.000000E00
7.054054E01, 0.000000E00
7.051051E01, 0.000000E00
7.048048E01, 0.000000E00
7.045045E01, 0.000000E00
7.042042E01, 0.000000E00
7.039039E01, 0.000000E00
7.036036E01, 0.000000E00
7.033033E01, 0.000000E00
7.030030E01, 0.000000E00
7.027027E01, 0.000000E00
7.024024E01, 0.000000E00
7.021021E01, 0.000000E00
7.018018E01, 0.000000E00
7.015015E01, 0.000000E00
7.012012E01, 0.000000E00
7.009009E01, 0.000000E00
7.006006E01, 0.000000E00
7.003003E01, 0.000000E00
7.000000E01, 0.000000E00
##END=
